393
325
340
137-201
227
250
227
150
302
272
181
302
196
212
314
340
340
179
187
302
169-183
219
287
242
257
299
295
302
287
194-249
270
227
302
249
286
295
317
355
317
264
264
280
340
242
227
280
302
283
215
264
234
212
302
204
210
208
264
204
174
236
142
236
227
189
166
204
378
340
448
725
299-340
257
1194
465
378
227
287
461
446
181-204
113
378
204
453
416
317
181
174
142
302
446
212
811
98
423
280
272
363
378
242
461
340
600
360
227
380
340
680
264
363
343
340
360
220
642-1209
272
529-907
302
264
453
250
363
220
378
400
380
264
234
249
234
380
380
272
270
242
242
360
219
360
264
302
340
272
227
380
302
227
220
350
446
416
448
257
446
280
378
287
465
378
378
363
453
303-396
378
423
264
600
317
340
416
378
264
340
416
302
416
378
264
354
340
413
354
161
864
1005-1307
161
393
550
250
240
208-378
250
135
270
201-301
200
194-279
340
360
380
680
264
340
227
343
363
642-1209
302
264
234
340
380
264
272
242
360
242
380
453
360
302
350
249
302
220
270
378
220
264
529-907
227
360
272
219
400
272
250
220
380
380
363
234
227
302
317
227
196-317
242
151-302
580
520
555
450
580
555
575
595
1495
995
555
342-439
453
260
287
280
280
280
280
280
302
280
270
346-459
567
220
255-422
280
381
453
212
210
378
340
302
378
105
345
378
180
121-212
345
416
175
381
345
332
317
210
212
302
336
567
287
298
329
363
567
482
605
529
264
227
136
1095
300
281
281
320
204
250
272
295
295
281
300
281
281
281
281
280
281-326
227
155-166
264
525-639
212
295
227
430
296-342
330
257
257-529
416
363
340
491-1171
242
378
360
229-236
227
302
491
302
91
370
320
189
300
234
340
317
178-586
567
529
332
227
151
430
378
189
227
189
680
227
301-423
242
189
227
189
544
300
189
982
147
189
567
416
302
264
340
287
484
212
340
242
370
378
302
284-307
302
704-798
189
215-230
196
162
902-993
257-257
264
227
350
227
378-453
300
227
189
330
300
227
320
227
200
151
227
189
227
300
189
300
300
227
300
350
227
227
189
227
227
220
416-567
416-597
340-491
416-567
416-567
491-642
340-491
302
453
374
561-690
549
582-688
287
280
302
464-475
479-493
302
363
430
359
66-160
166
151
199
181
302
287
1058
906
254
375
1058
881
373
150
257
250
425
151
257
1550
363
510
242
218
340
264
219
408
252
11334
189
287
304
200
250
242
257-293
302
390
397
480
378
264
510
174
272
189
317
480
302
310
453
302
302
317
508-657
300
317
550
302
257
310
1020
340
476-589
212
967
397
250
350
321
350
302
302
222
264
272
196
363
264
227
340
264
317
410
257
264
270-360
850
393
257
453
200
310
1250
230
432-499
250
408
302
308
975
242
400
219
270
298
529
431
302
416
430
491
249
302
196
181
270
302
215-230
348
212
529
1181
302
181
295
317
200-500
340
323-359
189
317
258
302
397
200
310
306
500
650
418
530
801
748
200
320
204-280
264
276
510
317
302-370
400
212
907
325-355
420
350
263
348
1350
492
476
453
189
287
350
446
264
548
514-650
500
344
363
280
174
302
380
317
510
275
270
242
900
378
264
317
240
300
370
440
272
348
287
850
340
450
484
295
278
340
272
423
340
363
453
967
249
76
270
257
180
253
113
280
390
550
355
264
956
166
204
227
204-228
529
189
376
280
287
350
272
109
1189
295-327
380
350
831
192
957
957
212
257
264
302
540
590
640
640
640
700
375
1058
378
363
514-650
189
521
390
428
957
831
340
317
287
397
200-500
370
264
370
113
264
397
310
476-589
831
249
393
348
242
306
378
302
242
397
348
423
287
212
975
397
500
