793
794
795
796
797
800
801
802
803
804
805
806
840
842
843
845
847
849
736
738
740
742
743
744
745
748
749
751
784
785
787
788
789
790
791
792
600
604
605
606
610
613
615
617
618
619
620
657
659
695
696
732
733
734
558
561
562
570
572
578
579
582
583
584
585
586
587
589
592
593
597
598
522
524
525
527
531
533
534
537
538
540
543
545
546
547
548
552
553
556
409
461
463
464
465
466
471
472
473
507
508
510
511
513
516
517
520
521
302
303
308
309
327
329
335
336
337
338
339
340
342
343
344
352
402
405
161
166
191
193
197
204
264
267
60
65
